{"nbformat":4,"nbformat_minor":0,"metadata":{"colab":{"provenance":[],"gpuType":"T4","authorship_tag":"ABX9TyOwX8SudVXkalMTKzpL3Tnx"},"kernelspec":{"name":"python3","display_name":"Python 3"},"language_info":{"name":"python"},"accelerator":"GPU"},"cells":[{"cell_type":"markdown","source":["\n","**NOT REQUIRED**<br>**In this notebook, values below threshold value set to 1 (i.e. number of connections - more; strength of connectivity - less)**"],"metadata":{"id":"ON9xUHlcHleP"}},{"cell_type":"code","source":["import pandas as pd\n","import pickle\n","\n","# Save dataframe to pickled pandas object\n","# df.to_pickle(file_name) # where to save it usually as a .pkl\n","\n","# Load dataframe from pickled pandas object\n","df = pd.read_pickle('/content/roitimeseriesdata.pkl')\n","\n","# Rename the third column to \"ROIxTimeseries\"\n","df = df.rename(columns={df.columns[2]: \"ROIxTimeseries\"})\n","\n","print(df)"],"metadata":{"colab":{"base_uri":"https://localhost:8080/"},"id":"sTdLyIbspImD","executionInfo":{"status":"ok","timestamp":1714643402519,"user_tz":-330,"elapsed":2188,"user":{"displayName":"Karamjot","userId":"14290690433704537570"}},"outputId":"a335c971-fc94-450b-c10e-5a8c47247d4a"},"execution_count":null,"outputs":[{"output_type":"stream","name":"stdout","text":["   site patient_id                                     ROIxTimeseries label\n","0   NYU      50965  [[0.706183, 1.258003, 0.042666, -2.820356, -5....     1\n","1   NYU      50990  [[-3.279094, -6.948174, -8.92033, -8.804001, -...     1\n","2   NYU      50957  [[9.66222, 8.258377, 2.37984, -3.478141, -6.05...     1\n","3   NYU      50967  [[4.721457, 7.912924, 8.742649, 6.427285, 2.21...     1\n","4   NYU      50974  [[5.851009, 7.150782, 4.961509, 0.283124, -4.0...     1\n","5   NYU      51013  [[-1.481923, -0.191252, -1.457838, -5.373023, ...     1\n","6   NYU      51015  [[-1.754589, -2.926472, -4.571375, -4.713179, ...     1\n","7   NYU      50996  [[4.428881, 1.885072, -3.001936, -6.947103, -7...     1\n","8   NYU      50977  [[5.811244, 9.114678, 6.911661, 0.606224, -4.1...     1\n","9   NYU      50992  [[1.321344, -1.506006, -4.413543, -4.332966, -...     1\n","10  NYU      51007  [[5.25749, 12.46537, 14.226592, 7.527265, -4.3...     1\n","11  NYU      51012  [[9.326157, 7.579217, 1.68043, -2.946055, -2.4...     1\n","12  NYU      50989  [[1.884253, 4.035859, 3.173807, -0.894492, -5....     1\n","13  NYU      50999  [[-13.943059, -17.944493, -5.253335, 13.283772...     1\n","14  NYU      51018  [[4.396806, 1.299931, -3.178451, -5.013186, -2...     1\n","15  NYU      51006  [[1.48535, 2.884969, 1.535843, -1.060772, -1.2...     1\n","16  NYU      51020  [[-0.872018, -6.980013, -10.826739, -10.537724...     1\n","17  NYU      50973  [[5.151979, 3.185684, -2.209435, -5.959943, -4...     1\n","18  NYU      51029  [[3.092689, 2.814916, -2.745399, -8.600645, -8...     1\n","19  NYU      50985  [[2.616759, 1.131226, -1.124898, -0.317033, 3....     1\n","20  NYU      50978  [[-4.890913, -4.628432, -2.976981, -2.489099, ...     1\n","21  NYU      51011  [[-5.700099, -7.190629, -3.507883, 4.522466, 1...     1\n","22  NYU      50952  [[-6.128925, -2.042995, 2.463056, 3.408645, 0....     1\n","23  NYU      51014  [[2.938766, 1.297237, -2.491705, -3.734359, 0....     1\n","24  NYU      51030  [[-2.376775, -4.322912, -8.07502, -12.254733, ...     1\n","25  NYU      51021  [[-0.444488, -1.177283, -0.60567, 0.956582, 2....     1\n","26  NYU      50955  [[2.728387, -0.206996, -4.255071, -5.890882, -...     1\n","27  NYU      51111  [[-3.730993, -2.207689, 1.086218, 0.691176, -5...     0\n","28  NYU      51067  [[3.917394, 12.381581, 16.136932, 11.679088, 2...     0\n","29  NYU      51045  [[-3.702813, -6.811966, -4.993845, 1.36692, 7....     0\n","30  NYU      51150  [[4.463692, 1.421185, -3.00048, -3.125121, 1.7...     0\n","31  NYU      51123  [[-3.742444, -8.858714, -10.932259, -7.919085,...     0\n","32  NYU      51148  [[3.523456, 6.781943, 5.471384, 0.222103, -4.1...     0\n","33  NYU      51083  [[-1.909475, -8.286888, -14.879618, -15.695535...     0\n","34  NYU      51039  [[-0.034054, 1.746814, -0.157876, -5.097793, -...     0\n","35  NYU      51062  [[4.038817, 5.870472, 3.425823, -1.2066, -3.46...     0\n","36  NYU      51056  [[-5.044491, -8.058927, -5.896293, 1.021583, 8...     0\n","37  NYU      51069  [[7.804255, 12.16293, 8.6901, -1.161747, -10.6...     0\n","38  NYU      51042  [[-5.183542, 4.51268, 16.011954, 18.235529, 7....     0\n","39  NYU      51047  [[5.055084, 7.163289, 7.405149, 6.024787, 4.19...     0\n","40  NYU      51122  [[-1.970136, 3.199482, 5.067489, 1.839181, -2....     0\n","41  NYU      51117  [[4.868379, 6.932039, 5.765517, 1.036899, -4.3...     0\n"]}]},{"cell_type":"code","source":["# Assuming your DataFrame is named df\n","third_column = df['ROIxTimeseries']  # Selecting all rows and the third column (index 2)\n","\n","print(third_column)"],"metadata":{"colab":{"base_uri":"https://localhost:8080/"},"id":"_wLRUJwJqZBk","executionInfo":{"status":"ok","timestamp":1714643407057,"user_tz":-330,"elapsed":1696,"user":{"displayName":"Karamjot","userId":"14290690433704537570"}},"outputId":"1698ef88-f44d-42bc-a2fa-380b628be7f9"},"execution_count":null,"outputs":[{"output_type":"stream","name":"stdout","text":["0     [[0.706183, 1.258003, 0.042666, -2.820356, -5....\n","1     [[-3.279094, -6.948174, -8.92033, -8.804001, -...\n","2     [[9.66222, 8.258377, 2.37984, -3.478141, -6.05...\n","3     [[4.721457, 7.912924, 8.742649, 6.427285, 2.21...\n","4     [[5.851009, 7.150782, 4.961509, 0.283124, -4.0...\n","5     [[-1.481923, -0.191252, -1.457838, -5.373023, ...\n","6     [[-1.754589, -2.926472, -4.571375, -4.713179, ...\n","7     [[4.428881, 1.885072, -3.001936, -6.947103, -7...\n","8     [[5.811244, 9.114678, 6.911661, 0.606224, -4.1...\n","9     [[1.321344, -1.506006, -4.413543, -4.332966, -...\n","10    [[5.25749, 12.46537, 14.226592, 7.527265, -4.3...\n","11    [[9.326157, 7.579217, 1.68043, -2.946055, -2.4...\n","12    [[1.884253, 4.035859, 3.173807, -0.894492, -5....\n","13    [[-13.943059, -17.944493, -5.253335, 13.283772...\n","14    [[4.396806, 1.299931, -3.178451, -5.013186, -2...\n","15    [[1.48535, 2.884969, 1.535843, -1.060772, -1.2...\n","16    [[-0.872018, -6.980013, -10.826739, -10.537724...\n","17    [[5.151979, 3.185684, -2.209435, -5.959943, -4...\n","18    [[3.092689, 2.814916, -2.745399, -8.600645, -8...\n","19    [[2.616759, 1.131226, -1.124898, -0.317033, 3....\n","20    [[-4.890913, -4.628432, -2.976981, -2.489099, ...\n","21    [[-5.700099, -7.190629, -3.507883, 4.522466, 1...\n","22    [[-6.128925, -2.042995, 2.463056, 3.408645, 0....\n","23    [[2.938766, 1.297237, -2.491705, -3.734359, 0....\n","24    [[-2.376775, -4.322912, -8.07502, -12.254733, ...\n","25    [[-0.444488, -1.177283, -0.60567, 0.956582, 2....\n","26    [[2.728387, -0.206996, -4.255071, -5.890882, -...\n","27    [[-3.730993, -2.207689, 1.086218, 0.691176, -5...\n","28    [[3.917394, 12.381581, 16.136932, 11.679088, 2...\n","29    [[-3.702813, -6.811966, -4.993845, 1.36692, 7....\n","30    [[4.463692, 1.421185, -3.00048, -3.125121, 1.7...\n","31    [[-3.742444, -8.858714, -10.932259, -7.919085,...\n","32    [[3.523456, 6.781943, 5.471384, 0.222103, -4.1...\n","33    [[-1.909475, -8.286888, -14.879618, -15.695535...\n","34    [[-0.034054, 1.746814, -0.157876, -5.097793, -...\n","35    [[4.038817, 5.870472, 3.425823, -1.2066, -3.46...\n","36    [[-5.044491, -8.058927, -5.896293, 1.021583, 8...\n","37    [[7.804255, 12.16293, 8.6901, -1.161747, -10.6...\n","38    [[-5.183542, 4.51268, 16.011954, 18.235529, 7....\n","39    [[5.055084, 7.163289, 7.405149, 6.024787, 4.19...\n","40    [[-1.970136, 3.199482, 5.067489, 1.839181, -2....\n","41    [[4.868379, 6.932039, 5.765517, 1.036899, -4.3...\n","Name: ROIxTimeseries, dtype: object\n"]}]},{"cell_type":"code","source":["import numpy as np"],"metadata":{"id":"fOlFKy8V0s9m"},"execution_count":null,"outputs":[]},{"cell_type":"markdown","source":["Generating Matrices now"],"metadata":{"id":"0yHXdp9n4yqF"}},{"cell_type":"code","source":["import matplotlib.pyplot as plt"],"metadata":{"id":"m_5GUs557H6H"},"execution_count":null,"outputs":[]},{"cell_type":"code","source":["import numpy as np\n","from scipy.signal import hilbert"],"metadata":{"id":"XSRleock9IrP"},"execution_count":null,"outputs":[]},{"cell_type":"code","source":["def psi(x, y):\n","  \"\"\"Calculate the phase synchronization index between two signals.\n","\n","  Args:\n","    x: A NumPy array representing the first signal.\n","    y: A NumPy array representing the second signal.\n","\n","  Returns:\n","    A NumPy array representing the PSI between the two signals.\n","  \"\"\"\n","\n","  # Calculate the analytic representation of the signals.\n","  x_analytic = hilbert(x)\n","  y_analytic = hilbert(y)\n","\n","  # Calculate the instantaneous phase of the signals.\n","  x_phase = np.angle(x_analytic)\n","  y_phase = np.angle(y_analytic)\n","\n","  # print(\"Phases:\\n X:\",x_phase.shape, \"Y:\",y_phase.shape)\n","  # print(\"DIFF in phase : \", x_phase - y_phase)\n","  # print(\"Cosine : \", np.cos(x_phase-y_phase))\n","  # Calculate the PSI.\n","  psi = abs(np.mean(np.cos(x_phase - y_phase)))\n","\n","  return psi"],"metadata":{"id":"sfDmxjVy6dxW"},"execution_count":null,"outputs":[]},{"cell_type":"markdown","source":["For all patients"],"metadata":{"id":"XvabuKri3fT5"}},{"cell_type":"code","source":["# Function to convert matrix rows [all rows] into separate arrays\n","def expand_matrix_row(row):\n","    arrays = row['ROIxTimeseries']\n","    patient_id = row['patient_id']\n","    new_rows = [{'patient_id': patient_id, 'Array': np.array(arr)} for arr in arrays]\n","    return pd.DataFrame(new_rows)\n","\n","num_rows = len(df)\n","\n","# Initialize an empty list to store the results\n","result_list = []\n","\n","# Loop through each row in the DataFrame\n","for index, row in df.iterrows():\n","    # Expand the matrix rows into separate arrays for the current row\n","    expanded_df = expand_matrix_row(row)\n","\n","    # Initialize an empty matrix to store PSI values for the current row\n","    num_rows_expanded = len(expanded_df)\n","    psi_matrix_1pat = np.zeros((num_rows_expanded, num_rows_expanded))\n","\n","    # Loop through every pair of rows\n","    for i in range(num_rows_expanded):\n","        for j in range(i, num_rows_expanded):\n","            # Ensure not to repeat pairs\n","            if i == j:\n","                # Calculate the diagonal element\n","                x = expanded_df.iloc[i]['Array']\n","                psi_value = psi(x, x)\n","                psi_matrix_1pat[i, j] = psi_value\n","            else:\n","                # Extract signals for the current pair of rows\n","                x = expanded_df.iloc[i]['Array']\n","                y = expanded_df.iloc[j]['Array']\n","                # Calculate the PSI value for the current pair of signals\n","                psi_value = psi(x, y)\n","                # Store the PSI value in the matrix\n","                psi_matrix_1pat[i, j] = psi_value\n","                psi_matrix_1pat[j, i] = psi_value  # Since PSI is symmetric, store in both positions\n","\n","            psi_matrix_1pat.shape\n","\n","    # Append the PSI matrix and label to the result list\n","    result_list.append({'psi_matrix': psi_matrix_1pat, 'label': row['label']})\n","\n","# Create a DataFrame from the result list\n","result_df = pd.DataFrame(result_list)"],"metadata":{"id":"0NwRGN6pgZsj"},"execution_count":null,"outputs":[]},{"cell_type":"code","source":["print(result_df.shape)"],"metadata":{"colab":{"base_uri":"https://localhost:8080/"},"id":"lKYLe6_-hgFn","executionInfo":{"status":"ok","timestamp":1714643486588,"user_tz":-330,"elapsed":20,"user":{"displayName":"Karamjot","userId":"14290690433704537570"}},"outputId":"2cdea8a1-d421-4e5f-976b-84687df629cb"},"execution_count":null,"outputs":[{"output_type":"stream","name":"stdout","text":["(42, 2)\n"]}]},{"cell_type":"code","source":["# Get the matrix from the first row (row index 0)\n","matrix_row_1 = result_df.loc[0, 'psi_matrix']\n","\n","# Get the shape (dimensions) of the matrix\n","matrix_shape_row_1 = matrix_row_1.shape\n","\n","print(f\"The shape of the matrix in row 1 is: {matrix_shape_row_1}\")"],"metadata":{"colab":{"base_uri":"https://localhost:8080/"},"id":"jQ1iOkbLiGq1","executionInfo":{"status":"ok","timestamp":1714643486588,"user_tz":-330,"elapsed":18,"user":{"displayName":"Karamjot","userId":"14290690433704537570"}},"outputId":"ccd1cc7d-f180-4ff2-f14c-9cd48d1c8cde"},"execution_count":null,"outputs":[{"output_type":"stream","name":"stdout","text":["The shape of the matrix in row 1 is: (116, 116)\n"]}]},{"cell_type":"code","source":["# Get the matrix from the first row (row index 0)\n","matrix_row_1 = result_df.loc[0, 'psi_matrix']\n","\n","# Print the matrix\n","print(matrix_row_1)"],"metadata":{"colab":{"base_uri":"https://localhost:8080/"},"id":"QWjuR10OiGne","executionInfo":{"status":"ok","timestamp":1714643486588,"user_tz":-330,"elapsed":17,"user":{"displayName":"Karamjot","userId":"14290690433704537570"}},"outputId":"ac8a4ffb-9180-480c-e6aa-489fff20b0cc"},"execution_count":null,"outputs":[{"output_type":"stream","name":"stdout","text":["[[1.         0.25906469 0.06693214 ... 0.13713135 0.01496673 0.05904445]\n"," [0.25906469 1.         0.21868974 ... 0.01127428 0.10975937 0.05835404]\n"," [0.06693214 0.21868974 1.         ... 0.18562702 0.03774552 0.18821166]\n"," ...\n"," [0.13713135 0.01127428 0.18562702 ... 1.         0.30204957 0.23777238]\n"," [0.01496673 0.10975937 0.03774552 ... 0.30204957 1.         0.21706852]\n"," [0.05904445 0.05835404 0.18821166 ... 0.23777238 0.21706852 1.        ]]\n"]}]},{"cell_type":"markdown","source":["Dataset preparation"],"metadata":{"id":"qZwldjII1OR9"}},{"cell_type":"code","source":["# Drop the first 30 rows from the original DataFrame\n","result_df = result_df.drop(df.index[:12])\n","\n","print(result_df.shape)"],"metadata":{"id":"8OsxdzOJ1Nm5","colab":{"base_uri":"https://localhost:8080/"},"executionInfo":{"status":"ok","timestamp":1714643486589,"user_tz":-330,"elapsed":17,"user":{"displayName":"Karamjot","userId":"14290690433704537570"}},"outputId":"b892421a-8b17-47a1-8874-a0cf725324e6"},"execution_count":null,"outputs":[{"output_type":"stream","name":"stdout","text":["(30, 2)\n"]}]},{"cell_type":"code","source":["X = np.array(result_df['psi_matrix'])"],"metadata":{"id":"VlS19AEcrAHK"},"execution_count":null,"outputs":[]},{"cell_type":"code","source":["X"],"metadata":{"colab":{"base_uri":"https://localhost:8080/"},"id":"5Bw0urTxrAD2","executionInfo":{"status":"ok","timestamp":1714643486589,"user_tz":-330,"elapsed":15,"user":{"displayName":"Karamjot","userId":"14290690433704537570"}},"outputId":"2d0ab41c-8ec8-44d0-e421-be8f20a176ec"},"execution_count":null,"outputs":[{"output_type":"execute_result","data":{"text/plain":["array([array([[1.        , 0.21045165, 0.13057345, ..., 0.05106844, 0.11107471,\n","               0.08856149],\n","              [0.21045165, 1.        , 0.04036313, ..., 0.07104244, 0.11646346,\n","               0.06221619],\n","              [0.13057345, 0.04036313, 1.        , ..., 0.28465989, 0.16656628,\n","               0.14328863],\n","              ...,\n","              [0.05106844, 0.07104244, 0.28465989, ..., 1.        , 0.04139648,\n","               0.1365227 ],\n","              [0.11107471, 0.11646346, 0.16656628, ..., 0.04139648, 1.        ,\n","               0.21091457],\n","              [0.08856149, 0.06221619, 0.14328863, ..., 0.1365227 , 0.21091457,\n","               1.        ]])                                                   ,\n","       array([[1.        , 0.41104646, 0.00309121, ..., 0.1384899 , 0.23812549,\n","               0.31745494],\n","              [0.41104646, 1.        , 0.25684993, ..., 0.00500167, 0.02535889,\n","               0.07197007],\n","              [0.00309121, 0.25684993, 1.        , ..., 0.11037629, 0.0743645 ,\n","               0.10107095],\n","              ...,\n","              [0.1384899 , 0.00500167, 0.11037629, ..., 1.        , 0.07897784,\n","               0.01494291],\n","              [0.23812549, 0.02535889, 0.0743645 , ..., 0.07897784, 1.        ,\n","               0.26835179],\n","              [0.31745494, 0.07197007, 0.10107095, ..., 0.01494291, 0.26835179,\n","               1.        ]])                                                   ,\n","       array([[1.        , 0.3301607 , 0.02815827, ..., 0.02417345, 0.04489873,\n","               0.07989614],\n","              [0.3301607 , 1.        , 0.20151749, ..., 0.09781051, 0.17203725,\n","               0.1172773 ],\n","              [0.02815827, 0.20151749, 1.        , ..., 0.11814026, 0.01504948,\n","               0.17826648],\n","              ...,\n","              [0.02417345, 0.09781051, 0.11814026, ..., 1.        , 0.32300423,\n","               0.28115883],\n","              [0.04489873, 0.17203725, 0.01504948, ..., 0.32300423, 1.        ,\n","               0.55849163],\n","              [0.07989614, 0.1172773 , 0.17826648, ..., 0.28115883, 0.55849163,\n","               1.        ]])                                                   ,\n","       array([[1.        , 0.17292801, 0.01075755, ..., 0.17486115, 0.01398392,\n","               0.05281181],\n","              [0.17292801, 1.        , 0.27869812, ..., 0.04830062, 0.14952836,\n","               0.26505007],\n","              [0.01075755, 0.27869812, 1.        , ..., 0.0614173 , 0.04780006,\n","               0.20918484],\n","              ...,\n","              [0.17486115, 0.04830062, 0.0614173 , ..., 1.        , 0.19234437,\n","               0.24514428],\n","              [0.01398392, 0.14952836, 0.04780006, ..., 0.19234437, 1.        ,\n","               0.04895112],\n","              [0.05281181, 0.26505007, 0.20918484, ..., 0.24514428, 0.04895112,\n","               1.        ]])                                                   ,\n","       array([[1.        , 0.35108674, 0.16681928, ..., 0.09038958, 0.16583341,\n","               0.11587124],\n","              [0.35108674, 1.        , 0.29537525, ..., 0.09857448, 0.30659247,\n","               0.01683219],\n","              [0.16681928, 0.29537525, 1.        , ..., 0.06103897, 0.44838386,\n","               0.32958105],\n","              ...,\n","              [0.09038958, 0.09857448, 0.06103897, ..., 1.        , 0.28083585,\n","               0.08204727],\n","              [0.16583341, 0.30659247, 0.44838386, ..., 0.28083585, 1.        ,\n","               0.4971141 ],\n","              [0.11587124, 0.01683219, 0.32958105, ..., 0.08204727, 0.4971141 ,\n","               1.        ]])                                                   ,\n","       array([[1.        , 0.34229928, 0.11769836, ..., 0.0463002 , 0.05005777,\n","               0.19445915],\n","              [0.34229928, 1.        , 0.50385002, ..., 0.00326841, 0.14991152,\n","               0.28011977],\n","              [0.11769836, 0.50385002, 1.        , ..., 0.01003201, 0.36826219,\n","               0.2297337 ],\n","              ...,\n","              [0.0463002 , 0.00326841, 0.01003201, ..., 1.        , 0.00725237,\n","               0.02592122],\n","              [0.05005777, 0.14991152, 0.36826219, ..., 0.00725237, 1.        ,\n","               0.15886279],\n","              [0.19445915, 0.28011977, 0.2297337 , ..., 0.02592122, 0.15886279,\n","               1.        ]])                                                   ,\n","       array([[1.        , 0.44394068, 0.02636873, ..., 0.01577725, 0.14166799,\n","               0.12422291],\n","              [0.44394068, 1.        , 0.44360896, ..., 0.0094518 , 0.11406653,\n","               0.1509903 ],\n","              [0.02636873, 0.44360896, 1.        , ..., 0.07381313, 0.01469265,\n","               0.1887643 ],\n","              ...,\n","              [0.01577725, 0.0094518 , 0.07381313, ..., 1.        , 0.35324496,\n","               0.01097717],\n","              [0.14166799, 0.11406653, 0.01469265, ..., 0.35324496, 1.        ,\n","               0.0234218 ],\n","              [0.12422291, 0.1509903 , 0.1887643 , ..., 0.01097717, 0.0234218 ,\n","               1.        ]])                                                   ,\n","       array([[1.        , 0.25231141, 0.34007919, ..., 0.25384434, 0.25978187,\n","               0.33574115],\n","              [0.25231141, 1.        , 0.16420792, ..., 0.12418162, 0.09565921,\n","               0.15953741],\n","              [0.34007919, 0.16420792, 1.        , ..., 0.00777152, 0.09138098,\n","               0.00124827],\n","              ...,\n","              [0.25384434, 0.12418162, 0.00777152, ..., 1.        , 0.31552725,\n","               0.03223155],\n","              [0.25978187, 0.09565921, 0.09138098, ..., 0.31552725, 1.        ,\n","               0.24305679],\n","              [0.33574115, 0.15953741, 0.00124827, ..., 0.03223155, 0.24305679,\n","               1.        ]])                                                   ,\n","       array([[1.        , 0.46498569, 0.1803253 , ..., 0.04379122, 0.02222807,\n","               0.04497688],\n","              [0.46498569, 1.        , 0.19439261, ..., 0.07047284, 0.07818988,\n","               0.07797221],\n","              [0.1803253 , 0.19439261, 1.        , ..., 0.03765465, 0.1440933 ,\n","               0.02402797],\n","              ...,\n","              [0.04379122, 0.07047284, 0.03765465, ..., 1.        , 0.02505285,\n","               0.15170077],\n","              [0.02222807, 0.07818988, 0.1440933 , ..., 0.02505285, 1.        ,\n","               0.26180921],\n","              [0.04497688, 0.07797221, 0.02402797, ..., 0.15170077, 0.26180921,\n","               1.        ]])                                                   ,\n","       array([[1.        , 0.35449617, 0.18471992, ..., 0.03597628, 0.07866114,\n","               0.10031871],\n","              [0.35449617, 1.        , 0.1356275 , ..., 0.05615448, 0.20972394,\n","               0.20750452],\n","              [0.18471992, 0.1356275 , 1.        , ..., 0.14464875, 0.00961422,\n","               0.07081675],\n","              ...,\n","              [0.03597628, 0.05615448, 0.14464875, ..., 1.        , 0.34029201,\n","               0.21189224],\n","              [0.07866114, 0.20972394, 0.00961422, ..., 0.34029201, 1.        ,\n","               0.43095758],\n","              [0.10031871, 0.20750452, 0.07081675, ..., 0.21189224, 0.43095758,\n","               1.        ]])                                                   ,\n","       array([[1.        , 0.64845995, 0.10352326, ..., 0.34377964, 0.27791853,\n","               0.22183891],\n","              [0.64845995, 1.        , 0.00510704, ..., 0.42730235, 0.40452228,\n","               0.12335428],\n","              [0.10352326, 0.00510704, 1.        , ..., 0.26895418, 0.14414683,\n","               0.02690907],\n","              ...,\n","              [0.34377964, 0.42730235, 0.26895418, ..., 1.        , 0.42247007,\n","               0.20066696],\n","              [0.27791853, 0.40452228, 0.14414683, ..., 0.42247007, 1.        ,\n","               0.26637996],\n","              [0.22183891, 0.12335428, 0.02690907, ..., 0.20066696, 0.26637996,\n","               1.        ]])                                                   ,\n","       array([[1.        , 0.46037888, 0.06342371, ..., 0.10858841, 0.04914376,\n","               0.04686678],\n","              [0.46037888, 1.        , 0.18017775, ..., 0.16076798, 0.1061962 ,\n","               0.00229446],\n","              [0.06342371, 0.18017775, 1.        , ..., 0.03920705, 0.23105958,\n","               0.03835319],\n","              ...,\n","              [0.10858841, 0.16076798, 0.03920705, ..., 1.        , 0.24359582,\n","               0.05903547],\n","              [0.04914376, 0.1061962 , 0.23105958, ..., 0.24359582, 1.        ,\n","               0.08245642],\n","              [0.04686678, 0.00229446, 0.03835319, ..., 0.05903547, 0.08245642,\n","               1.        ]])                                                   ,\n","       array([[1.        , 0.60905574, 0.14521081, ..., 0.03060145, 0.06109866,\n","               0.11402129],\n","              [0.60905574, 1.        , 0.16903843, ..., 0.00156842, 0.19275701,\n","               0.16973857],\n","              [0.14521081, 0.16903843, 1.        , ..., 0.06567928, 0.1010328 ,\n","               0.0039324 ],\n","              ...,\n","              [0.03060145, 0.00156842, 0.06567928, ..., 1.        , 0.24872393,\n","               0.07264416],\n","              [0.06109866, 0.19275701, 0.1010328 , ..., 0.24872393, 1.        ,\n","               0.40026657],\n","              [0.11402129, 0.16973857, 0.0039324 , ..., 0.07264416, 0.40026657,\n","               1.        ]])                                                   ,\n","       array([[1.        , 0.32490943, 0.10459061, ..., 0.0624396 , 0.39213891,\n","               0.22796025],\n","              [0.32490943, 1.        , 0.205547  , ..., 0.0047829 , 0.23764912,\n","               0.39566992],\n","              [0.10459061, 0.205547  , 1.        , ..., 0.2503271 , 0.12960012,\n","               0.10172924],\n","              ...,\n","              [0.0624396 , 0.0047829 , 0.2503271 , ..., 1.        , 0.04901832,\n","               0.00346382],\n","              [0.39213891, 0.23764912, 0.12960012, ..., 0.04901832, 1.        ,\n","               0.2141305 ],\n","              [0.22796025, 0.39566992, 0.10172924, ..., 0.00346382, 0.2141305 ,\n","               1.        ]])                                                   ,\n","       array([[1.        , 0.31635164, 0.16426759, ..., 0.01266525, 0.1408514 ,\n","               0.33895685],\n","              [0.31635164, 1.        , 0.01453897, ..., 0.08980165, 0.05497502,\n","               0.27891491],\n","              [0.16426759, 0.01453897, 1.        , ..., 0.06000223, 0.05426092,\n","               0.17266799],\n","              ...,\n","              [0.01266525, 0.08980165, 0.06000223, ..., 1.        , 0.25446746,\n","               0.02550471],\n","              [0.1408514 , 0.05497502, 0.05426092, ..., 0.25446746, 1.        ,\n","               0.02321109],\n","              [0.33895685, 0.27891491, 0.17266799, ..., 0.02550471, 0.02321109,\n","               1.        ]])                                                   ,\n","       array([[1.        , 0.43593263, 0.0824372 , ..., 0.02117718, 0.08483301,\n","               0.13499083],\n","              [0.43593263, 1.        , 0.27388901, ..., 0.02846815, 0.1565832 ,\n","               0.21611958],\n","              [0.0824372 , 0.27388901, 1.        , ..., 0.11930633, 0.36215966,\n","               0.02539214],\n","              ...,\n","              [0.02117718, 0.02846815, 0.11930633, ..., 1.        , 0.12367277,\n","               0.17391168],\n","              [0.08483301, 0.1565832 , 0.36215966, ..., 0.12367277, 1.        ,\n","               0.29654935],\n","              [0.13499083, 0.21611958, 0.02539214, ..., 0.17391168, 0.29654935,\n","               1.        ]])                                                   ,\n","       array([[1.        , 0.44491479, 0.04742143, ..., 0.04760762, 0.14417187,\n","               0.07458685],\n","              [0.44491479, 1.        , 0.26451946, ..., 0.02152173, 0.11762726,\n","               0.18306028],\n","              [0.04742143, 0.26451946, 1.        , ..., 0.07004916, 0.14007258,\n","               0.12811062],\n","              ...,\n","              [0.04760762, 0.02152173, 0.07004916, ..., 1.        , 0.13689726,\n","               0.15894259],\n","              [0.14417187, 0.11762726, 0.14007258, ..., 0.13689726, 1.        ,\n","               0.0906592 ],\n","              [0.07458685, 0.18306028, 0.12811062, ..., 0.15894259, 0.0906592 ,\n","               1.        ]])                                                   ,\n","       array([[1.        , 0.00344302, 0.24408182, ..., 0.16095226, 0.01741618,\n","               0.06737734],\n","              [0.00344302, 1.        , 0.20472431, ..., 0.15978948, 0.11946878,\n","               0.27565005],\n","              [0.24408182, 0.20472431, 1.        , ..., 0.01156948, 0.03553815,\n","               0.35739294],\n","              ...,\n","              [0.16095226, 0.15978948, 0.01156948, ..., 1.        , 0.3380911 ,\n","               0.32910635],\n","              [0.01741618, 0.11946878, 0.03553815, ..., 0.3380911 , 1.        ,\n","               0.24618826],\n","              [0.06737734, 0.27565005, 0.35739294, ..., 0.32910635, 0.24618826,\n","               1.        ]])                                                   ,\n","       array([[1.        , 0.37086333, 0.03514588, ..., 0.43162633, 0.34203386,\n","               0.11316238],\n","              [0.37086333, 1.        , 0.08979009, ..., 0.27972942, 0.44507981,\n","               0.09615159],\n","              [0.03514588, 0.08979009, 1.        , ..., 0.13648904, 0.13686478,\n","               0.03704852],\n","              ...,\n","              [0.43162633, 0.27972942, 0.13648904, ..., 1.        , 0.60025512,\n","               0.19659717],\n","              [0.34203386, 0.44507981, 0.13686478, ..., 0.60025512, 1.        ,\n","               0.42388615],\n","              [0.11316238, 0.09615159, 0.03704852, ..., 0.19659717, 0.42388615,\n","               1.        ]])                                                   ,\n","       array([[1.        , 0.39512778, 0.39647993, ..., 0.31156437, 0.38052911,\n","               0.114091  ],\n","              [0.39512778, 1.        , 0.27277254, ..., 0.11814654, 0.22828726,\n","               0.0633169 ],\n","              [0.39647993, 0.27277254, 1.        , ..., 0.17838234, 0.3227376 ,\n","               0.13060954],\n","              ...,\n","              [0.31156437, 0.11814654, 0.17838234, ..., 1.        , 0.06306453,\n","               0.15702907],\n","              [0.38052911, 0.22828726, 0.3227376 , ..., 0.06306453, 1.        ,\n","               0.38875681],\n","              [0.114091  , 0.0633169 , 0.13060954, ..., 0.15702907, 0.38875681,\n","               1.        ]])                                                   ,\n","       array([[1.        , 0.46989583, 0.2940518 , ..., 0.03339804, 0.09297274,\n","               0.06207945],\n","              [0.46989583, 1.        , 0.04574457, ..., 0.04350746, 0.16148427,\n","               0.1563153 ],\n","              [0.2940518 , 0.04574457, 1.        , ..., 0.0601103 , 0.01124145,\n","               0.09859815],\n","              ...,\n","              [0.03339804, 0.04350746, 0.0601103 , ..., 1.        , 0.26863311,\n","               0.2278132 ],\n","              [0.09297274, 0.16148427, 0.01124145, ..., 0.26863311, 1.        ,\n","               0.06566974],\n","              [0.06207945, 0.1563153 , 0.09859815, ..., 0.2278132 , 0.06566974,\n","               1.        ]])                                                   ,\n","       array([[1.        , 0.36501287, 0.03762349, ..., 0.09082857, 0.063832  ,\n","               0.00786389],\n","              [0.36501287, 1.        , 0.21115699, ..., 0.05425234, 0.12940544,\n","               0.07093832],\n","              [0.03762349, 0.21115699, 1.        , ..., 0.11788395, 0.00632493,\n","               0.0734007 ],\n","              ...,\n","              [0.09082857, 0.05425234, 0.11788395, ..., 1.        , 0.05712113,\n","               0.03393354],\n","              [0.063832  , 0.12940544, 0.00632493, ..., 0.05712113, 1.        ,\n","               0.24792932],\n","              [0.00786389, 0.07093832, 0.0734007 , ..., 0.03393354, 0.24792932,\n","               1.        ]])                                                   ,\n","       array([[1.        , 0.08539452, 0.09255229, ..., 0.03941862, 0.01188512,\n","               0.02121413],\n","              [0.08539452, 1.        , 0.08243469, ..., 0.05971689, 0.15520839,\n","               0.05505984],\n","              [0.09255229, 0.08243469, 1.        , ..., 0.13173372, 0.07091291,\n","               0.04048149],\n","              ...,\n","              [0.03941862, 0.05971689, 0.13173372, ..., 1.        , 0.03512909,\n","               0.06187907],\n","              [0.01188512, 0.15520839, 0.07091291, ..., 0.03512909, 1.        ,\n","               0.41642934],\n","              [0.02121413, 0.05505984, 0.04048149, ..., 0.06187907, 0.41642934,\n","               1.        ]])                                                   ,\n","       array([[1.        , 0.52011422, 0.05772983, ..., 0.05248174, 0.02874931,\n","               0.16673541],\n","              [0.52011422, 1.        , 0.24424167, ..., 0.13052451, 0.14909918,\n","               0.21204512],\n","              [0.05772983, 0.24424167, 1.        , ..., 0.09230151, 0.15833487,\n","               0.02480913],\n","              ...,\n","              [0.05248174, 0.13052451, 0.09230151, ..., 1.        , 0.11227183,\n","               0.09000177],\n","              [0.02874931, 0.14909918, 0.15833487, ..., 0.11227183, 1.        ,\n","               0.27775184],\n","              [0.16673541, 0.21204512, 0.02480913, ..., 0.09000177, 0.27775184,\n","               1.        ]])                                                   ,\n","       array([[1.        , 0.17748041, 0.0988779 , ..., 0.04533734, 0.0858996 ,\n","               0.17187318],\n","              [0.17748041, 1.        , 0.15067262, ..., 0.09539102, 0.0091336 ,\n","               0.09612004],\n","              [0.0988779 , 0.15067262, 1.        , ..., 0.00223276, 0.14761694,\n","               0.22119524],\n","              ...,\n","              [0.04533734, 0.09539102, 0.00223276, ..., 1.        , 0.04715056,\n","               0.00183149],\n","              [0.0858996 , 0.0091336 , 0.14761694, ..., 0.04715056, 1.        ,\n","               0.44363494],\n","              [0.17187318, 0.09612004, 0.22119524, ..., 0.00183149, 0.44363494,\n","               1.        ]])                                                   ,\n","       array([[1.        , 0.45699005, 0.12174056, ..., 0.1317829 , 0.0886655 ,\n","               0.01433676],\n","              [0.45699005, 1.        , 0.05291877, ..., 0.18020576, 0.04126702,\n","               0.01559613],\n","              [0.12174056, 0.05291877, 1.        , ..., 0.10545728, 0.0790683 ,\n","               0.02828088],\n","              ...,\n","              [0.1317829 , 0.18020576, 0.10545728, ..., 1.        , 0.13519534,\n","               0.16261485],\n","              [0.0886655 , 0.04126702, 0.0790683 , ..., 0.13519534, 1.        ,\n","               0.11277614],\n","              [0.01433676, 0.01559613, 0.02828088, ..., 0.16261485, 0.11277614,\n","               1.        ]])                                                   ,\n","       array([[1.        , 0.4328463 , 0.13379176, ..., 0.04746687, 0.21928458,\n","               0.01986156],\n","              [0.4328463 , 1.        , 0.04659867, ..., 0.03268934, 0.17990808,\n","               0.14905325],\n","              [0.13379176, 0.04659867, 1.        , ..., 0.17112061, 0.02816726,\n","               0.04090569],\n","              ...,\n","              [0.04746687, 0.03268934, 0.17112061, ..., 1.        , 0.24926546,\n","               0.30717021],\n","              [0.21928458, 0.17990808, 0.02816726, ..., 0.24926546, 1.        ,\n","               0.57698285],\n","              [0.01986156, 0.14905325, 0.04090569, ..., 0.30717021, 0.57698285,\n","               1.        ]])                                                   ,\n","       array([[1.        , 0.23098598, 0.11285592, ..., 0.21044001, 0.16171366,\n","               0.13457408],\n","              [0.23098598, 1.        , 0.30745842, ..., 0.11022997, 0.08007881,\n","               0.08112927],\n","              [0.11285592, 0.30745842, 1.        , ..., 0.03462754, 0.06167864,\n","               0.08280549],\n","              ...,\n","              [0.21044001, 0.11022997, 0.03462754, ..., 1.        , 0.0545001 ,\n","               0.168757  ],\n","              [0.16171366, 0.08007881, 0.06167864, ..., 0.0545001 , 1.        ,\n","               0.02422583],\n","              [0.13457408, 0.08112927, 0.08280549, ..., 0.168757  , 0.02422583,\n","               1.        ]])                                                   ,\n","       array([[1.        , 0.50216126, 0.30451948, ..., 0.16359673, 0.26352989,\n","               0.28101782],\n","              [0.50216126, 1.        , 0.12908448, ..., 0.20769309, 0.25509423,\n","               0.14978005],\n","              [0.30451948, 0.12908448, 1.        , ..., 0.11652099, 0.04903013,\n","               0.11622412],\n","              ...,\n","              [0.16359673, 0.20769309, 0.11652099, ..., 1.        , 0.0188165 ,\n","               0.05788487],\n","              [0.26352989, 0.25509423, 0.04903013, ..., 0.0188165 , 1.        ,\n","               0.5761028 ],\n","              [0.28101782, 0.14978005, 0.11622412, ..., 0.05788487, 0.5761028 ,\n","               1.        ]])                                                   ,\n","       array([[1.        , 0.04121296, 0.13870949, ..., 0.0172831 , 0.29088723,\n","               0.15952601],\n","              [0.04121296, 1.        , 0.31064626, ..., 0.23524801, 0.05558559,\n","               0.1663376 ],\n","              [0.13870949, 0.31064626, 1.        , ..., 0.11059218, 0.1595815 ,\n","               0.00606534],\n","              ...,\n","              [0.0172831 , 0.23524801, 0.11059218, ..., 1.        , 0.05702718,\n","               0.17187554],\n","              [0.29088723, 0.05558559, 0.1595815 , ..., 0.05702718, 1.        ,\n","               0.37509285],\n","              [0.15952601, 0.1663376 , 0.00606534, ..., 0.17187554, 0.37509285,\n","               1.        ]])                                                   ],\n","      dtype=object)"]},"metadata":{},"execution_count":13}]},{"cell_type":"code","source":["y = result_df['label']"],"metadata":{"id":"6h7mSH4d1Njh"},"execution_count":null,"outputs":[]},{"cell_type":"code","source":["y"],"metadata":{"colab":{"base_uri":"https://localhost:8080/"},"id":"X0K_Q7sum0ep","executionInfo":{"status":"ok","timestamp":1714643487410,"user_tz":-330,"elapsed":5,"user":{"displayName":"Karamjot","userId":"14290690433704537570"}},"outputId":"216b7402-9750-4713-f95a-a565000f049f"},"execution_count":null,"outputs":[{"output_type":"execute_result","data":{"text/plain":["12    1\n","13    1\n","14    1\n","15    1\n","16    1\n","17    1\n","18    1\n","19    1\n","20    1\n","21    1\n","22    1\n","23    1\n","24    1\n","25    1\n","26    1\n","27    0\n","28    0\n","29    0\n","30    0\n","31    0\n","32    0\n","33    0\n","34    0\n","35    0\n","36    0\n","37    0\n","38    0\n","39    0\n","40    0\n","41    0\n","Name: label, dtype: int64"]},"metadata":{},"execution_count":15}]},{"cell_type":"markdown","source":["Setting threshold"],"metadata":{"id":"ktdLfT4KcoRa"}},{"cell_type":"code","source":["sub1_mat = result_df.iloc[0]\n","\n","# Extract the matrix from the attribute of the first row\n","first_matrix = sub1_mat['psi_matrix']"],"metadata":{"id":"lISZ2XWkdZWC"},"execution_count":null,"outputs":[]},{"cell_type":"code","source":["first_matrix"],"metadata":{"colab":{"base_uri":"https://localhost:8080/"},"id":"r4wXCqQNdZSp","executionInfo":{"status":"ok","timestamp":1714643487410,"user_tz":-330,"elapsed":3,"user":{"displayName":"Karamjot","userId":"14290690433704537570"}},"outputId":"9b74900f-b762-4401-ee5f-56a59ea6d4a3"},"execution_count":null,"outputs":[{"output_type":"execute_result","data":{"text/plain":["array([[1.        , 0.21045165, 0.13057345, ..., 0.05106844, 0.11107471,\n","        0.08856149],\n","       [0.21045165, 1.     